                -97.2873237239
         -0.000014108       0.000000000      -0.000000000
          0.000000000      -0.000032949      -0.000000000
         -0.000000000      -0.000000000       0.000000049
          10
  1     6      -0.000000006       0.054042245       0.000000000  C
  1     6      -0.000000009      -0.019643610      -0.000000000  C
  1     6      -0.000000008       0.019633560       0.000000000  C
  1     6      -0.000000010      -0.054012472       0.000000000  C
  1     6       0.000000002      -0.055765182      -0.000000000  C
  1     6       0.000000009       0.022760088       0.000000000  C
  1     6       0.000000005      -0.022645304       0.000000000  C
  1     6       0.000000009       0.055803671      -0.000000000  C
  2     1       0.000000000      -0.023661683      -0.000000000  H
  2     1      -0.000000000       0.023676453      -0.000000000  H
