                -94.5182579743
         -0.000024666       0.000000000      -0.000000000
          0.000000000      -0.000024755      -0.000000000
         -0.000000000      -0.000000000       0.000000048
           8
  1     6      -0.000000004       0.059402587       0.000000000  C
  1     6      -0.000000008      -0.026116771       0.000000000  C
  1     6      -0.000000008       0.026093411       0.000000000  C
  1     6      -0.000000010      -0.059177185       0.000000000  C
  1     6       0.000000001      -0.110184562      -0.000000000  C
  1     6       0.000000008       0.054865121      -0.000000000  C
  1     6       0.000000005      -0.054783277      -0.000000000  C
  1     6       0.000000008       0.110162959      -0.000000000  C
