                -97.2871629827
         -0.000014007       0.000000000      -0.000000000
          0.000000000      -0.000033226       0.000000000
         -0.000000000       0.000000000       0.000000049
          10
  1     6      -0.000000006       0.053943870       0.000000000  C
  1     6      -0.000000009      -0.019377762       0.000000000  C
  1     6      -0.000000008       0.019367589      -0.000000000  C
  1     6      -0.000000010      -0.053913891       0.000000000  C
  1     6       0.000000002      -0.055978672      -0.000000000  C
  1     6       0.000000009       0.022920570      -0.000000000  C
  1     6       0.000000005      -0.022805802       0.000000000  C
  1     6       0.000000009       0.056017174      -0.000000000  C
  2     1       0.000000000      -0.023651325      -0.000000000  H
  2     1      -0.000000000       0.023666095      -0.000000000  H
