                -97.2874173796
         -0.000014099       0.000000000      -0.000000000
          0.000000000      -0.000032905      -0.000000000
          0.000000000      -0.000000000       0.000000075
          10
  1     6      -0.000000006       0.054274057       0.000000000  C
  1     6      -0.000000009      -0.019602892      -0.000000000  C
  1     6      -0.000000008       0.019685587       0.000000000  C
  1     6      -0.000000010      -0.053797226       0.000000000  C
  1     6       0.000000002      -0.055900779      -0.000000000  C
  1     6       0.000000009       0.022694487       0.000000000  C
  1     6       0.000000005      -0.022695749      -0.000000000  C
  1     6       0.000000009       0.055636547      -0.000000000  C
  2     1       0.000000000      -0.023739820      -0.000000000  H
  2     1      -0.000000000       0.023634125      -0.000000000  H
