                -97.2836989550
         -0.000013849       0.000000000      -0.000000000
          0.000000000      -0.000031880       0.000000000
          0.000000000      -0.000000000       0.000000049
          10
  1     6      -0.000000006       0.054898054       0.000000000  C
  1     6      -0.000000009      -0.021612912      -0.000000000  C
  1     6      -0.000000008       0.021605393      -0.000000000  C
  1     6      -0.000000010      -0.054870679       0.000000000  C
  1     6       0.000000002      -0.055850768      -0.000000000  C
  1     6       0.000000009       0.022900436      -0.000000000  C
  1     6       0.000000006      -0.022783524       0.000000000  C
  1     6       0.000000009       0.055890517      -0.000000000  C
  2     1       0.000000000      -0.023599230      -0.000000000  H
  2     1      -0.000000000       0.023610087      -0.000000000  H
