                -97.2980806793
         -0.000012135       0.000000000      -0.000000000
          0.000000000      -0.000028303      -0.000000000
          0.000000000      -0.000000000       0.000003171
          10
  1     6      -0.000000006       0.060847880       0.000000000  C
  1     6      -0.000000009      -0.019936578       0.000000000  C
  1     6      -0.000000008       0.020378119      -0.000000000  C
  1     6      -0.000000010      -0.047887146       0.000000000  C
  1     6       0.000000002      -0.061703729      -0.000000000  C
  1     6       0.000000009       0.021966047       0.000000000  C
  1     6       0.000000005      -0.023285106      -0.000000000  C
  1     6       0.000000009       0.049981350      -0.000000000  C
  2     1       0.000000000      -0.024853354      -0.000000000  H
  2     1      -0.000000000       0.024688012      -0.000000000  H
